   0.10000000D-02   0.11248828D-05   0.11248828D-05   0.39999999D-03   0.50019352D+05   0.12728913D+00   0.12728913D+00   0.50004230D+05
   0.10943903D-02   0.12316217D-05   0.12316217D-05   0.39999999D-03   0.45684094D+05   0.13888925D+00   0.13888925D+00   0.45669043D+05
   0.11982358D-02   0.13484889D-05   0.13484889D-05   0.39999999D-03   0.41724551D+05   0.15239915D+00   0.15239915D+00   0.41709578D+05
   0.13119350D-02   0.14764455D-05   0.14764455D-05   0.39999999D-03   0.38108156D+05   0.16668482D+00   0.16668482D+00   0.38093266D+05
   0.14364233D-02   0.16165440D-05   0.16165440D-05   0.39999999D-03   0.34805176D+05   0.18247288D+00   0.18247288D+00   0.34790375D+05
   0.15727237D-02   0.17699359D-05   0.17699359D-05   0.39999999D-03   0.31788449D+05   0.19996475D+00   0.19996475D+00   0.31773742D+05
   0.17219578D-02   0.19378833D-05   0.19378833D-05   0.39999999D-03   0.29033160D+05   0.21893032D+00   0.21893032D+00   0.29018561D+05
   0.18853525D-02   0.21217670D-05   0.21217670D-05   0.39999999D-03   0.26516654D+05   0.23960666D+00   0.23960666D+00   0.26502174D+05
   0.20642530D-02   0.23231005D-05   0.23231005D-05   0.39999999D-03   0.24218221D+05   0.26238945D+00   0.26238945D+00   0.24203871D+05
   0.22601276D-02   0.25435370D-05   0.25435370D-05   0.39999999D-03   0.22118996D+05   0.28727099D+00   0.28727099D+00   0.22104785D+05
   0.24745888D-02   0.27848905D-05   0.27848905D-05   0.39999999D-03   0.20201691D+05   0.31459016D+00   0.31459016D+00   0.20187635D+05
   0.27093994D-02   0.30491456D-05   0.30491456D-05   0.39999999D-03   0.18450545D+05   0.34430602D+00   0.34430602D+00   0.18436660D+05
   0.29664915D-02   0.33384758D-05   0.33384758D-05   0.39999999D-03   0.16851154D+05   0.37694040D+00   0.37694040D+00   0.16837457D+05
   0.32479789D-02   0.36552603D-05   0.36552603D-05   0.39999999D-03   0.15390367D+05   0.41270700D+00   0.41270700D+00   0.15376870D+05
   0.35561763D-02   0.40021041D-05   0.40021041D-05   0.39999999D-03   0.14056169D+05   0.45187348D+00   0.45187348D+00   0.14042896D+05
   0.38936175D-02   0.43818591D-05   0.43818591D-05   0.39999999D-03   0.12837594D+05   0.49471918D+00   0.49471918D+00   0.12824566D+05
   0.42630788D-02   0.47976487D-05   0.47976487D-05   0.39999999D-03   0.11724613D+05   0.54156417D+00   0.54156417D+00   0.11711855D+05
   0.46675974D-02   0.52528926D-05   0.52528926D-05   0.39999999D-03   0.10708079D+05   0.59293389D+00   0.59293389D+00   0.10695614D+05
   0.51105041D-02   0.57513375D-05   0.57513375D-05   0.39999999D-03   0.97796250D+04   0.64910823D+00   0.64910823D+00   0.97674805D+04
   0.55954340D-02   0.62970753D-05   0.62970753D-05   0.39999999D-03   0.89316270D+04   0.71051514D+00   0.71051514D+00   0.89198359D+04
   0.61263791D-02   0.68945983D-05   0.68945983D-05   0.39999999D-03   0.81571050D+04   0.77783245D+00   0.77783245D+00   0.81456987D+04
   0.67077042D-02   0.75488183D-05   0.75488183D-05   0.39999999D-03   0.74496929D+04   0.85144758D+00   0.85144758D+00   0.74387090D+04
   0.73441910D-02   0.82651186D-05   0.82651186D-05   0.39999999D-03   0.68035703D+04   0.93200672D+00   0.93200672D+00   0.67930498D+04
   0.80410736D-02   0.90493868D-05   0.90493868D-05   0.39999999D-03   0.62134238D+04   0.10201054D+01   0.10201054D+01   0.62034102D+04
   0.88040819D-02   0.99080726D-05   0.99080726D-05   0.39999999D-03   0.56744019D+04   0.11165072D+01   0.11165072D+01   0.56649448D+04
   0.96394923D-02   0.10848240D-04   0.10848240D-04   0.39999999D-03   0.51820703D+04   0.12218996D+01   0.12218996D+01   0.51732231D+04
   0.10554173D-01   0.11877617D-04   0.11877617D-04   0.39999999D-03   0.47323833D+04   0.13371569D+01   0.13371569D+01   0.47242036D+04
   0.11555647D-01   0.13004671D-04   0.13004671D-04   0.39999999D-03   0.43216392D+04   0.14630841D+01   0.14630841D+01   0.43141914D+04
   0.12652149D-01   0.14238670D-04   0.14238670D-04   0.39999999D-03   0.39464629D+04   0.16006970D+01   0.16006970D+01   0.39398167D+04
   0.13852702D-01   0.15589767D-04   0.15589767D-04   0.39999999D-03   0.36037678D+04   0.17509838D+01   0.17509838D+01   0.35980002D+04
   0.15167169D-01   0.17069062D-04   0.17069062D-04   0.39999999D-03   0.32907383D+04   0.19150560D+01   0.19150560D+01   0.32859333D+04
   0.16606364D-01   0.18688726D-04   0.18688726D-04   0.39999999D-03   0.30047981D+04   0.20940812D+01   0.20940812D+01   0.30010486D+04
   0.18182129D-01   0.20462081D-04   0.20462081D-04   0.39999999D-03   0.27435969D+04   0.22892327D+01   0.22892327D+01   0.27410037D+04
   0.19907409D-01   0.22403705D-04   0.22403705D-04   0.39999999D-03   0.25049880D+04   0.25018210D+01   0.25018210D+01   0.25036621D+04
   0.21796402D-01   0.24529569D-04   0.24529569D-04   0.39999999D-03   0.22870090D+04   0.27331762D+01   0.27331762D+01   0.22870706D+04
   0.23864638D-01   0.26857153D-04   0.26857153D-04   0.39999999D-03   0.20878682D+04   0.29846516D+01   0.29846516D+01   0.20894502D+04
   0.26129134D-01   0.29405604D-04   0.29405604D-04   0.39999999D-03   0.19059276D+04   0.32576783D+01   0.32576783D+01   0.19091738D+04
   0.28608499D-01   0.32195872D-04   0.32195872D-04   0.39999999D-03   0.17396932D+04   0.35535324D+01   0.35535324D+01   0.17447618D+04
   0.31323127D-01   0.35250905D-04   0.35250905D-04   0.39999999D-03   0.15877987D+04   0.38736064D+01   0.38736064D+01   0.15948607D+04
   0.34295350D-01   0.38595826D-04   0.38595826D-04   0.39999999D-03   0.14489963D+04   0.42190824D+01   0.42190824D+01   0.14582382D+04
   0.37549596D-01   0.42258143D-04   0.42258143D-04   0.39999999D-03   0.13221469D+04   0.45910115D+01   0.45910115D+01   0.13337697D+04
   0.41112635D-01   0.46267967D-04   0.46267967D-04   0.39999999D-03   0.12062081D+04   0.49902401D+01   0.49902401D+01   0.12204294D+04
   0.45013782D-01   0.50658298D-04   0.50658298D-04   0.39999999D-03   0.11002295D+04   0.54173079D+01   0.54173079D+01   0.11172822D+04
   0.49285091D-01   0.55465211D-04   0.55465211D-04   0.39999999D-03   0.10033423D+04   0.58723803D+01   0.58723803D+01   0.10234764D+04
   0.53961705D-01   0.60728249D-04   0.60728249D-04   0.39999999D-03   0.91475317D+03   0.63551722D+01   0.63551722D+01   0.93823193D+03
   0.59082065D-01   0.66490684D-04   0.66490684D-04   0.39999999D-03   0.83373810D+03   0.68648505D+01   0.68648505D+01   0.86083893D+03
   0.64688303D-01   0.72799914D-04   0.72799914D-04   0.39999999D-03   0.75963525D+03   0.74000783D+01   0.74000783D+01   0.79064685D+03
   0.70826508D-01   0.79707817D-04   0.79707817D-04   0.39999999D-03   0.69184167D+03   0.79588380D+01   0.79588380D+01   0.72705914D+03
   0.77547170D-01   0.87271226D-04   0.87271226D-04   0.39999999D-03   0.62980634D+03   0.85386524D+01   0.85386524D+01   0.66952710D+03
   0.84905550D-01   0.95552306D-04   0.95552306D-04   0.39999999D-03   0.57302808D+03   0.91365061D+01   0.91365061D+01   0.61754578D+03
   0.92962138D-01   0.10461916D-03   0.10461916D-03   0.39999999D-03   0.52105029D+03   0.97491484D+01   0.97491484D+01   0.57064514D+03
   0.10178322D+00   0.11454635D-03   0.11454635D-03   0.39999999D-03   0.47345682D+03   0.10373260D+02   0.10373260D+02   0.52838873D+03
   0.11144131D+00   0.12541554D-03   0.12541554D-03   0.39999999D-03   0.42987054D+03   0.11005690D+02   0.11005690D+02   0.49036746D+03
   0.12201586D+00   0.13731608D-03   0.13731608D-03   0.39999999D-03   0.38995035D+03   0.11643872D+02   0.11643872D+02   0.45619553D+03
   0.13359383D+00   0.15034586D-03   0.15034586D-03   0.39999999D-03   0.35338864D+03   0.12285907D+02   0.12285907D+02   0.42550854D+03
   0.14627038D+00   0.16461201D-03   0.16461201D-03   0.39999999D-03   0.31990402D+03   0.12927518D+02   0.12927518D+02   0.39796176D+03
   0.16014981D+00   0.18023186D-03   0.18023186D-03   0.39999999D-03   0.28924799D+03   0.13574283D+02   0.13574283D+02   0.37322195D+03
   0.17534627D+00   0.19733387D-03   0.19733387D-03   0.39999999D-03   0.26119708D+03   0.14225291D+02   0.14225291D+02   0.35097806D+03
   0.19198480D+00   0.21605880D-03   0.21605880D-03   0.39999999D-03   0.23555284D+03   0.14882949D+02   0.14882949D+02   0.33093387D+03
   0.21020201D+00   0.23656036D-03   0.23656036D-03   0.39999999D-03   0.21214018D+03   0.15550564D+02   0.15550564D+02   0.31281171D+03
   0.23014785D+00   0.25900733D-03   0.25900733D-03   0.39999999D-03   0.19080418D+03   0.16232111D+02   0.16232111D+02   0.29635089D+03
   0.25198632D+00   0.28358426D-03   0.28358426D-03   0.39999999D-03   0.17140881D+03   0.16931915D+02   0.16931915D+02   0.28131314D+03
   0.27589706D+00   0.31049325D-03   0.31049325D-03   0.39999999D-03   0.15383350D+03   0.17657507D+02   0.17657507D+02   0.26748062D+03
   0.30207664D+00   0.33995562D-03   0.33995562D-03   0.39999999D-03   0.13797298D+03   0.18408714D+02   0.18408714D+02   0.25466118D+03
   0.33074033D+00   0.37221363D-03   0.37221363D-03   0.39999999D-03   0.12373170D+03   0.19192066D+02   0.19192066D+02   0.24268672D+03
   0.36212397D+00   0.40753261D-03   0.40753261D-03   0.39999999D-03   0.11101991D+03   0.20010370D+02   0.20010370D+02   0.23141570D+03
   0.39648551D+00   0.44620293D-03   0.44620293D-03   0.39999999D-03   0.99751495D+02   0.20870560D+02   0.20870560D+02   0.22073259D+03
   0.43410757D+00   0.48854266D-03   0.48854266D-03   0.39999999D-03   0.89836800D+02   0.21776947D+02   0.21776947D+02   0.21054749D+03
   0.47529960D+00   0.53489994D-03   0.53489994D-03   0.39999999D-03   0.81183022D+02   0.22733326D+02   0.22733326D+02   0.20079398D+03
   0.52040023D+00   0.58565597D-03   0.58565597D-03   0.39999999D-03   0.73690742D+02   0.23746456D+02   0.23746456D+02   0.19142664D+03
   0.56978041D+00   0.64122822D-03   0.64122822D-03   0.39999999D-03   0.67251366D+02   0.24823084D+02   0.24823084D+02   0.18241751D+03
   0.62384665D+00   0.70207415D-03   0.70207415D-03   0.39999999D-03   0.61749378D+02   0.25971037D+02   0.25971037D+02   0.17375203D+03
   0.68304282D+00   0.76869316D-03   0.76869316D-03   0.39999999D-03   0.57065655D+02   0.27199047D+02   0.27199047D+02   0.16542554D+03
   0.74785596D+00   0.84163365D-03   0.84163365D-03   0.39999999D-03   0.53080589D+02   0.28516432D+02   0.28516432D+02   0.15743959D+03
   0.81881922D+00   0.92149532D-03   0.92149532D-03   0.39999999D-03   0.49680222D+02   0.29931828D+02   0.29931828D+02   0.14979935D+03
   0.89651603D+00   0.10089349D-02   0.10089349D-02   0.39999999D-03   0.46761242D+02   0.31454721D+02   0.31454721D+02   0.14251167D+03
   0.98158544D+00   0.11046717D-02   0.11046717D-02   0.39999999D-03   0.44234020D+02   0.33091507D+02   0.33091507D+02   0.13558595D+03
   0.10747269D+01   0.12094928D-02   0.12094928D-02   0.39999999D-03   0.42023537D+02   0.34845829D+02   0.34845829D+02   0.12903189D+03
   0.11767068D+01   0.13242604D-02   0.13242604D-02   0.39999999D-03   0.40070320D+02   0.36717209D+02   0.36717209D+02   0.12286270D+03
   0.12883633D+01   0.14499181D-02   0.14499181D-02   0.39999999D-03   0.38327076D+02   0.38699463D+02   0.38699463D+02   0.11709325D+03
   0.14106145D+01   0.15874990D-02   0.15874990D-02   0.39999999D-03   0.36755859D+02   0.40780922D+02   0.40780922D+02   0.11174049D+03
   0.15444664D+01   0.17381352D-02   0.17381352D-02   0.39999999D-03   0.35324974D+02   0.42939999D+02   0.42939999D+02   0.10681905D+03
   0.16910192D+01   0.19030650D-02   0.19030650D-02   0.39999999D-03   0.34006950D+02   0.45146156D+02   0.45146156D+02   0.10233637D+03
   0.18514781D+01   0.20836447D-02   0.20836447D-02   0.39999999D-03   0.32778690D+02   0.47357159D+02   0.47357159D+02   0.98285851D+02
   0.20271640D+01   0.22813608D-02   0.22813608D-02   0.39999999D-03   0.31623341D+02   0.49517006D+02   0.49517006D+02   0.94639946D+02
   0.22195194D+01   0.24978367D-02   0.24978367D-02   0.39999999D-03   0.30532129D+02   0.51553898D+02   0.51553898D+02   0.91349815D+02
   0.24301271D+01   0.27348537D-02   0.27348537D-02   0.39999999D-03   0.29500341D+02   0.53378803D+02   0.53378803D+02   0.88344505D+02
   0.26607192D+01   0.29943611D-02   0.29943611D-02   0.39999999D-03   0.28518505D+02   0.54883961D+02   0.54883961D+02   0.85527496D+02
   0.29131920D+01   0.32784927D-02   0.32784927D-02   0.39999999D-03   0.27568954D+02   0.55945217D+02   0.55945217D+02   0.82772659D+02
   0.31896214D+01   0.35895852D-02   0.35895852D-02   0.39999999D-03   0.26633486D+02   0.56425270D+02   0.56425270D+02   0.79931900D+02
   0.34922812D+01   0.39301971D-02   0.39301971D-02   0.39999999D-03   0.25707024D+02   0.56180714D+02   0.56180714D+02   0.76866806D+02
   0.38236601D+01   0.43031294D-02   0.43031294D-02   0.39999999D-03   0.24786634D+02   0.55075432D+02   0.55075432D+02   0.73484116D+02
   0.41864834D+01   0.47114487D-02   0.47114487D-02   0.39999999D-03   0.23853231D+02   0.53001820D+02   0.53001820D+02   0.69765144D+02
   0.45837340D+01   0.51585129D-02   0.51585129D-02   0.39999999D-03   0.22897821D+02   0.49906773D+02   0.49906773D+02   0.65816963D+02
   0.50186801D+01   0.56479992D-02   0.56479992D-02   0.39999999D-03   0.21934692D+02   0.45815693D+02   0.45815693D+02   0.61912334D+02
   0.54948969D+01   0.61839311D-02   0.61839311D-02   0.39999999D-03   0.20958992D+02   0.40852409D+02   0.40852409D+02   0.58442863D+02
   0.60163050D+01   0.67707212D-02   0.67707212D-02   0.39999999D-03   0.19986977D+02   0.35226654D+02   0.35226654D+02   0.55765118D+02
   0.65871849D+01   0.74131875D-02   0.74131875D-02   0.39999999D-03   0.19034922D+02   0.29178785D+02   0.29178785D+02   0.53924412D+02
   0.72122359D+01   0.81166169D-02   0.81166169D-02   0.39999999D-03   0.18111071D+02   0.22905760D+02   0.22905760D+02   0.52481102D+02
   0.78965969D+01   0.88867936D-02   0.88867936D-02   0.39999999D-03   0.17226242D+02   0.16632765D+02   0.16632765D+02   0.50687637D+02
   0.86458979D+01   0.97300522D-02   0.97300522D-02   0.39999999D-03   0.16392269D+02   0.11478809D+02   0.11478809D+02   0.48079155D+02
   0.94662962D+01   0.10653326D-01   0.10653326D-01   0.39999999D-03   0.15620997D+02   0.11522643D+02   0.11522643D+02   0.45067272D+02
   0.10364543D+02   0.11664209D-01   0.11664209D-01   0.39999999D-03   0.14932142D+02   0.17522875D+02   0.17522875D+02   0.42776535D+02
   0.11348023D+02   0.12771012D-01   0.12771012D-01   0.39999999D-03   0.14327215D+02   0.24274389D+02   0.24274389D+02   0.41584774D+02
   0.12424825D+02   0.13982840D-01   0.13982840D-01   0.39999999D-03   0.13767945D+02   0.28257292D+02   0.28257292D+02   0.40198486D+02
   0.13603804D+02   0.15309657D-01   0.15309657D-01   0.39999999D-03   0.13189034D+02   0.27800840D+02   0.27800840D+02   0.37774395D+02
   0.14894652D+02   0.16762374D-01   0.16762374D-01   0.39999999D-03   0.12575695D+02   0.23098518D+02   0.23098518D+02   0.35864117D+02
   0.16307991D+02   0.18352937D-01   0.18352937D-01   0.39999999D-03   0.11984078D+02   0.15344970D+02   0.15344970D+02   0.34976120D+02
   0.17855438D+02   0.20094428D-01   0.20094428D-01   0.39999999D-03   0.11431772D+02   0.79631915D+01   0.79631915D+01   0.33045364D+02
   0.19549723D+02   0.22001166D-01   0.22001166D-01   0.39999999D-03   0.10927451D+02   0.14071181D+02   0.14071181D+02   0.31464882D+02
   0.21404776D+02   0.24088833D-01   0.24088833D-01   0.39999999D-03   0.10486799D+02   0.21124466D+02   0.21124466D+02   0.30451609D+02
   0.23435850D+02   0.26374597D-01   0.26374597D-01   0.39999999D-03   0.10014482D+02   0.19768959D+02   0.19768959D+02   0.28651320D+02
   0.25659651D+02   0.28877253D-01   0.28877253D-01   0.39999999D-03   0.95490551D+01   0.10832957D+02   0.10832957D+02   0.27810213D+02
   0.28094469D+02   0.31617384D-01   0.31617384D-01   0.39999999D-03   0.91248579D+01   0.96267157D+01   0.96267157D+01   0.26249495D+02
   0.30760324D+02   0.34617525D-01   0.34617525D-01   0.39999999D-03   0.87458992D+01   0.17969685D+02   0.17969685D+02   0.25212767D+02
   0.33679138D+02   0.37902344D-01   0.37902344D-01   0.39999999D-03   0.83357248D+01   0.13293794D+02   0.13293794D+02   0.24233072D+02
   0.36874958D+02   0.41498903D-01   0.41498903D-01   0.39999999D-03   0.79696608D+01   0.75792880D+01   0.75792880D+01   0.22948830D+02
   0.40373978D+02   0.45436688D-01   0.45436688D-01   0.39999999D-03   0.76283484D+01   0.15981703D+02   0.15981703D+02   0.21886490D+02
   0.44205025D+02   0.49748126D-01   0.49748126D-01   0.39999999D-03   0.72803869D+01   0.63985195D+01   0.63985195D+01   0.20979469D+02
   0.48399586D+02   0.54468669D-01   0.54468669D-01   0.39999999D-03   0.69662752D+01   0.13788766D+02   0.13788766D+02   0.20068167D+02
   0.52992172D+02   0.59637144D-01   0.59637144D-01   0.39999999D-03   0.66500883D+01   0.64173632D+01   0.64173632D+01   0.19161144D+02
   0.58020546D+02   0.65296054D-01   0.65296054D-01   0.39999999D-03   0.63604732D+01   0.13252242D+02   0.13252242D+02   0.18281658D+02
   0.63526054D+02   0.71491927D-01   0.71491927D-01   0.39999999D-03   0.60770874D+01   0.48552046D+01   0.48552046D+01   0.17554276D+02
   0.69553970D+02   0.78275710D-01   0.78275710D-01   0.39999999D-03   0.58018408D+01   0.95847902D+01   0.95847902D+01   0.16800106D+02
   0.76153870D+02   0.85703209D-01   0.85703209D-01   0.39999999D-03   0.55496292D+01   0.11714003D+02   0.11714003D+02   0.15997459D+02
   0.83380035D+02   0.93835503D-01   0.93835503D-01   0.39999999D-03   0.53023038D+01   0.87735863D+01   0.87735863D+01   0.15293111D+02
   0.91291870D+02   0.10273945D+00   0.10273945D+00   0.39999999D-03   0.50678062D+01   0.57833815D+01   0.57833815D+01   0.14659903D+02
   0.99954453D+02   0.11248828D+00   0.11248828D+00   0.39999999D-03   0.48435435D+01   0.47340221D+01   0.47340221D+01   0.14010674D+02
