# vertices 441
v 0 -0.005000000 -0.005000000 0.000000000
v 1 -0.004500000 -0.005000000 0.000000000
v 2 -0.004000000 -0.005000000 0.000000000
v 3 -0.003500000 -0.005000000 0.000000000
v 4 -0.003000000 -0.005000000 0.000000000
v 5 -0.002500000 -0.005000000 0.000000000
v 6 -0.002000000 -0.005000000 0.000000000
v 7 -0.001500000 -0.005000000 0.000000000
v 8 -0.001000000 -0.005000000 0.000000000
v 9 -0.000500000 -0.005000000 0.000000000
v 10 0.000000000 -0.005000000 0.000000000
v 11 0.000500000 -0.005000000 0.000000000
v 12 0.001000000 -0.005000000 0.000000000
v 13 0.001500000 -0.005000000 0.000000000
v 14 0.002000000 -0.005000000 0.000000000
v 15 0.002500000 -0.005000000 0.000000000
v 16 0.003000000 -0.005000000 0.000000000
v 17 0.003500000 -0.005000000 0.000000000
v 18 0.004000000 -0.005000000 0.000000000
v 19 0.004500000 -0.005000000 0.000000000
v 20 0.005000000 -0.005000000 0.000000000
v 21 -0.005000000 -0.004500000 0.000000000
v 22 -0.004500000 -0.004500000 0.000000000
v 23 -0.004000000 -0.004500000 0.000000000
v 24 -0.003500000 -0.004500000 0.000000000
v 25 -0.003000000 -0.004500000 0.000000000
v 26 -0.002500000 -0.004500000 0.000000000
v 27 -0.002000000 -0.004500000 0.000000000
v 28 -0.001500000 -0.004500000 0.000000000
v 29 -0.001000000 -0.004500000 0.000000000
v 30 -0.000500000 -0.004500000 0.000000000
v 31 0.000000000 -0.004500000 0.000000000
v 32 0.000500000 -0.004500000 0.000000000
v 33 0.001000000 -0.004500000 0.000000000
v 34 0.001500000 -0.004500000 0.000000000
v 35 0.002000000 -0.004500000 0.000000000
v 36 0.002500000 -0.004500000 0.000000000
v 37 0.003000000 -0.004500000 0.000000000
v 38 0.003500000 -0.004500000 0.000000000
v 39 0.004000000 -0.004500000 0.000000000
v 40 0.004500000 -0.004500000 0.000000000
v 41 0.005000000 -0.004500000 0.000000000
v 42 -0.005000000 -0.004000000 0.000000000
v 43 -0.004500000 -0.004000000 0.000000000
v 44 -0.004000000 -0.004000000 0.000000000
v 45 -0.003500000 -0.004000000 0.000000000
v 46 -0.003000000 -0.004000000 0.000000000
v 47 -0.002500000 -0.004000000 0.000000000
v 48 -0.002000000 -0.004000000 0.000000000
v 49 -0.001500000 -0.004000000 0.000000000
v 50 -0.001000000 -0.004000000 0.000000000
v 51 -0.000500000 -0.004000000 0.000000000
v 52 0.000000000 -0.004000000 0.000000000
v 53 0.000500000 -0.004000000 0.000000000
v 54 0.001000000 -0.004000000 0.000000000
v 55 0.001500000 -0.004000000 0.000000000
v 56 0.002000000 -0.004000000 0.000000000
v 57 0.002500000 -0.004000000 0.000000000
v 58 0.003000000 -0.004000000 0.000000000
v 59 0.003500000 -0.004000000 0.000000000
v 60 0.004000000 -0.004000000 0.000000000
v 61 0.004500000 -0.004000000 0.000000000
v 62 0.005000000 -0.004000000 0.000000000
v 63 -0.005000000 -0.003500000 0.000000000
v 64 -0.004500000 -0.003500000 0.000000000
v 65 -0.004000000 -0.003500000 0.000000000
v 66 -0.003500000 -0.003500000 0.000000000
v 67 -0.003000000 -0.003500000 0.000000000
v 68 -0.002500000 -0.003500000 0.000000000
v 69 -0.002000000 -0.003500000 0.000000000
v 70 -0.001500000 -0.003500000 0.000000000
v 71 -0.001000000 -0.003500000 0.000000000
v 72 -0.000500000 -0.003500000 0.000000000
v 73 0.000000000 -0.003500000 0.000000000
v 74 0.000500000 -0.003500000 0.000000000
v 75 0.001000000 -0.003500000 0.000000000
v 76 0.001500000 -0.003500000 0.000000000
v 77 0.002000000 -0.003500000 0.000000000
v 78 0.002500000 -0.003500000 0.000000000
v 79 0.003000000 -0.003500000 0.000000000
v 80 0.003500000 -0.003500000 0.000000000
v 81 0.004000000 -0.003500000 0.000000000
v 82 0.004500000 -0.003500000 0.000000000
v 83 0.005000000 -0.003500000 0.000000000
v 84 -0.005000000 -0.003000000 0.000000000
v 85 -0.004500000 -0.003000000 0.000000000
v 86 -0.004000000 -0.003000000 0.000000000
v 87 -0.003500000 -0.003000000 0.000000000
v 88 -0.003000000 -0.003000000 0.000000000
v 89 -0.002500000 -0.003000000 0.000000000
v 90 -0.002000000 -0.003000000 0.000000000
v 91 -0.001500000 -0.003000000 0.000000000
v 92 -0.001000000 -0.003000000 0.000000000
v 93 -0.000500000 -0.003000000 0.000000000
v 94 0.000000000 -0.003000000 0.000000000
v 95 0.000500000 -0.003000000 0.000000000
v 96 0.001000000 -0.003000000 0.000000000
v 97 0.001500000 -0.003000000 0.000000000
v 98 0.002000000 -0.003000000 0.000000000
v 99 0.002500000 -0.003000000 0.000000000
v 100 0.003000000 -0.003000000 0.000000000
v 101 0.003500000 -0.003000000 0.000000000
v 102 0.004000000 -0.003000000 0.000000000
v 103 0.004500000 -0.003000000 0.000000000
v 104 0.005000000 -0.003000000 0.000000000
v 105 -0.005000000 -0.002500000 0.000000000
v 106 -0.004500000 -0.002500000 0.000000000
v 107 -0.004000000 -0.002500000 0.000000000
v 108 -0.003500000 -0.002500000 0.000000000
v 109 -0.003000000 -0.002500000 0.000000000
v 110 -0.002500000 -0.002500000 0.000000000
v 111 -0.002000000 -0.002500000 0.000000000
v 112 -0.001500000 -0.002500000 0.000000000
v 113 -0.001000000 -0.002500000 0.000000000
v 114 -0.000500000 -0.002500000 0.000000000
v 115 0.000000000 -0.002500000 0.000000000
v 116 0.000500000 -0.002500000 0.000000000
v 117 0.001000000 -0.002500000 0.000000000
v 118 0.001500000 -0.002500000 0.000000000
v 119 0.002000000 -0.002500000 0.000000000
v 120 0.002500000 -0.002500000 0.000000000
v 121 0.003000000 -0.002500000 0.000000000
v 122 0.003500000 -0.002500000 0.000000000
v 123 0.004000000 -0.002500000 0.000000000
v 124 0.004500000 -0.002500000 0.000000000
v 125 0.005000000 -0.002500000 0.000000000
v 126 -0.005000000 -0.002000000 0.000000000
v 127 -0.004500000 -0.002000000 0.000000000
v 128 -0.004000000 -0.002000000 0.000000000
v 129 -0.003500000 -0.002000000 0.000000000
v 130 -0.003000000 -0.002000000 0.000000000
v 131 -0.002500000 -0.002000000 0.000000000
v 132 -0.002000000 -0.002000000 0.000000000
v 133 -0.001500000 -0.002000000 0.000000000
v 134 -0.001000000 -0.002000000 0.000000000
v 135 -0.000500000 -0.002000000 0.000000000
v 136 0.000000000 -0.002000000 0.000000000
v 137 0.000500000 -0.002000000 0.000000000
v 138 0.001000000 -0.002000000 0.000000000
v 139 0.001500000 -0.002000000 0.000000000
v 140 0.002000000 -0.002000000 0.000000000
v 141 0.002500000 -0.002000000 0.000000000
v 142 0.003000000 -0.002000000 0.000000000
v 143 0.003500000 -0.002000000 0.000000000
v 144 0.004000000 -0.002000000 0.000000000
v 145 0.004500000 -0.002000000 0.000000000
v 146 0.005000000 -0.002000000 0.000000000
v 147 -0.005000000 -0.001500000 0.000000000
v 148 -0.004500000 -0.001500000 0.000000000
v 149 -0.004000000 -0.001500000 0.000000000
v 150 -0.003500000 -0.001500000 0.000000000
v 151 -0.003000000 -0.001500000 0.000000000
v 152 -0.002500000 -0.001500000 0.000000000
v 153 -0.002000000 -0.001500000 0.000000000
v 154 -0.001500000 -0.001500000 0.000000000
v 155 -0.001000000 -0.001500000 0.000000000
v 156 -0.000500000 -0.001500000 0.000000000
v 157 0.000000000 -0.001500000 0.000000000
v 158 0.000500000 -0.001500000 0.000000000
v 159 0.001000000 -0.001500000 0.000000000
v 160 0.001500000 -0.001500000 0.000000000
v 161 0.002000000 -0.001500000 0.000000000
v 162 0.002500000 -0.001500000 0.000000000
v 163 0.003000000 -0.001500000 0.000000000
v 164 0.003500000 -0.001500000 0.000000000
v 165 0.004000000 -0.001500000 0.000000000
v 166 0.004500000 -0.001500000 0.000000000
v 167 0.005000000 -0.001500000 0.000000000
v 168 -0.005000000 -0.001000000 0.000000000
v 169 -0.004500000 -0.001000000 0.000000000
v 170 -0.004000000 -0.001000000 0.000000000
v 171 -0.003500000 -0.001000000 0.000000000
v 172 -0.003000000 -0.001000000 0.000000000
v 173 -0.002500000 -0.001000000 0.000000000
v 174 -0.002000000 -0.001000000 0.000000000
v 175 -0.001500000 -0.001000000 0.000000000
v 176 -0.001000000 -0.001000000 0.000000000
v 177 -0.000500000 -0.001000000 0.000000000
v 178 0.000000000 -0.001000000 0.000000000
v 179 0.000500000 -0.001000000 0.000000000
v 180 0.001000000 -0.001000000 0.000000000
v 181 0.001500000 -0.001000000 0.000000000
v 182 0.002000000 -0.001000000 0.000000000
v 183 0.002500000 -0.001000000 0.000000000
v 184 0.003000000 -0.001000000 0.000000000
v 185 0.003500000 -0.001000000 0.000000000
v 186 0.004000000 -0.001000000 0.000000000
v 187 0.004500000 -0.001000000 0.000000000
v 188 0.005000000 -0.001000000 0.000000000
v 189 -0.005000000 -0.000500000 0.000000000
v 190 -0.004500000 -0.000500000 0.000000000
v 191 -0.004000000 -0.000500000 0.000000000
v 192 -0.003500000 -0.000500000 0.000000000
v 193 -0.003000000 -0.000500000 0.000000000
v 194 -0.002500000 -0.000500000 0.000000000
v 195 -0.002000000 -0.000500000 0.000000000
v 196 -0.001500000 -0.000500000 0.000000000
v 197 -0.001000000 -0.000500000 0.000000000
v 198 -0.000500000 -0.000500000 0.000000000
v 199 0.000000000 -0.000500000 0.000000000
v 200 0.000500000 -0.000500000 0.000000000
v 201 0.001000000 -0.000500000 0.000000000
v 202 0.001500000 -0.000500000 0.000000000
v 203 0.002000000 -0.000500000 0.000000000
v 204 0.002500000 -0.000500000 0.000000000
v 205 0.003000000 -0.000500000 0.000000000
v 206 0.003500000 -0.000500000 0.000000000
v 207 0.004000000 -0.000500000 0.000000000
v 208 0.004500000 -0.000500000 0.000000000
v 209 0.005000000 -0.000500000 0.000000000
v 210 -0.005000000 0.000000000 0.000000000
v 211 -0.004500000 0.000000000 0.000000000
v 212 -0.004000000 0.000000000 0.000000000
v 213 -0.003500000 0.000000000 0.000000000
v 214 -0.003000000 0.000000000 0.000000000
v 215 -0.002500000 0.000000000 0.000000000
v 216 -0.002000000 0.000000000 0.000000000
v 217 -0.001500000 0.000000000 0.000000000
v 218 -0.001000000 0.000000000 0.000000000
v 219 -0.000500000 0.000000000 0.000000000
v 220 0.000000000 0.000000000 0.000000000
v 221 0.000500000 0.000000000 0.000000000
v 222 0.001000000 0.000000000 0.000000000
v 223 0.001500000 0.000000000 0.000000000
v 224 0.002000000 0.000000000 0.000000000
v 225 0.002500000 0.000000000 0.000000000
v 226 0.003000000 0.000000000 0.000000000
v 227 0.003500000 0.000000000 0.000000000
v 228 0.004000000 0.000000000 0.000000000
v 229 0.004500000 0.000000000 0.000000000
v 230 0.005000000 0.000000000 0.000000000
v 231 -0.005000000 0.000500000 0.000000000
v 232 -0.004500000 0.000500000 0.000000000
v 233 -0.004000000 0.000500000 0.000000000
v 234 -0.003500000 0.000500000 0.000000000
v 235 -0.003000000 0.000500000 0.000000000
v 236 -0.002500000 0.000500000 0.000000000
v 237 -0.002000000 0.000500000 0.000000000
v 238 -0.001500000 0.000500000 0.000000000
v 239 -0.001000000 0.000500000 0.000000000
v 240 -0.000500000 0.000500000 0.000000000
v 241 0.000000000 0.000500000 0.000000000
v 242 0.000500000 0.000500000 0.000000000
v 243 0.001000000 0.000500000 0.000000000
v 244 0.001500000 0.000500000 0.000000000
v 245 0.002000000 0.000500000 0.000000000
v 246 0.002500000 0.000500000 0.000000000
v 247 0.003000000 0.000500000 0.000000000
v 248 0.003500000 0.000500000 0.000000000
v 249 0.004000000 0.000500000 0.000000000
v 250 0.004500000 0.000500000 0.000000000
v 251 0.005000000 0.000500000 0.000000000
v 252 -0.005000000 0.001000000 0.000000000
v 253 -0.004500000 0.001000000 0.000000000
v 254 -0.004000000 0.001000000 0.000000000
v 255 -0.003500000 0.001000000 0.000000000
v 256 -0.003000000 0.001000000 0.000000000
v 257 -0.002500000 0.001000000 0.000000000
v 258 -0.002000000 0.001000000 0.000000000
v 259 -0.001500000 0.001000000 0.000000000
v 260 -0.001000000 0.001000000 0.000000000
v 261 -0.000500000 0.001000000 0.000000000
v 262 0.000000000 0.001000000 0.000000000
v 263 0.000500000 0.001000000 0.000000000
v 264 0.001000000 0.001000000 0.000000000
v 265 0.001500000 0.001000000 0.000000000
v 266 0.002000000 0.001000000 0.000000000
v 267 0.002500000 0.001000000 0.000000000
v 268 0.003000000 0.001000000 0.000000000
v 269 0.003500000 0.001000000 0.000000000
v 270 0.004000000 0.001000000 0.000000000
v 271 0.004500000 0.001000000 0.000000000
v 272 0.005000000 0.001000000 0.000000000
v 273 -0.005000000 0.001500000 0.000000000
v 274 -0.004500000 0.001500000 0.000000000
v 275 -0.004000000 0.001500000 0.000000000
v 276 -0.003500000 0.001500000 0.000000000
v 277 -0.003000000 0.001500000 0.000000000
v 278 -0.002500000 0.001500000 0.000000000
v 279 -0.002000000 0.001500000 0.000000000
v 280 -0.001500000 0.001500000 0.000000000
v 281 -0.001000000 0.001500000 0.000000000
v 282 -0.000500000 0.001500000 0.000000000
v 283 0.000000000 0.001500000 0.000000000
v 284 0.000500000 0.001500000 0.000000000
v 285 0.001000000 0.001500000 0.000000000
v 286 0.001500000 0.001500000 0.000000000
v 287 0.002000000 0.001500000 0.000000000
v 288 0.002500000 0.001500000 0.000000000
v 289 0.003000000 0.001500000 0.000000000
v 290 0.003500000 0.001500000 0.000000000
v 291 0.004000000 0.001500000 0.000000000
v 292 0.004500000 0.001500000 0.000000000
v 293 0.005000000 0.001500000 0.000000000
v 294 -0.005000000 0.002000000 0.000000000
v 295 -0.004500000 0.002000000 0.000000000
v 296 -0.004000000 0.002000000 0.000000000
v 297 -0.003500000 0.002000000 0.000000000
v 298 -0.003000000 0.002000000 0.000000000
v 299 -0.002500000 0.002000000 0.000000000
v 300 -0.002000000 0.002000000 0.000000000
v 301 -0.001500000 0.002000000 0.000000000
v 302 -0.001000000 0.002000000 0.000000000
v 303 -0.000500000 0.002000000 0.000000000
v 304 0.000000000 0.002000000 0.000000000
v 305 0.000500000 0.002000000 0.000000000
v 306 0.001000000 0.002000000 0.000000000
v 307 0.001500000 0.002000000 0.000000000
v 308 0.002000000 0.002000000 0.000000000
v 309 0.002500000 0.002000000 0.000000000
v 310 0.003000000 0.002000000 0.000000000
v 311 0.003500000 0.002000000 0.000000000
v 312 0.004000000 0.002000000 0.000000000
v 313 0.004500000 0.002000000 0.000000000
v 314 0.005000000 0.002000000 0.000000000
v 315 -0.005000000 0.002500000 0.000000000
v 316 -0.004500000 0.002500000 0.000000000
v 317 -0.004000000 0.002500000 0.000000000
v 318 -0.003500000 0.002500000 0.000000000
v 319 -0.003000000 0.002500000 0.000000000
v 320 -0.002500000 0.002500000 0.000000000
v 321 -0.002000000 0.002500000 0.000000000
v 322 -0.001500000 0.002500000 0.000000000
v 323 -0.001000000 0.002500000 0.000000000
v 324 -0.000500000 0.002500000 0.000000000
v 325 0.000000000 0.002500000 0.000000000
v 326 0.000500000 0.002500000 0.000000000
v 327 0.001000000 0.002500000 0.000000000
v 328 0.001500000 0.002500000 0.000000000
v 329 0.002000000 0.002500000 0.000000000
v 330 0.002500000 0.002500000 0.000000000
v 331 0.003000000 0.002500000 0.000000000
v 332 0.003500000 0.002500000 0.000000000
v 333 0.004000000 0.002500000 0.000000000
v 334 0.004500000 0.002500000 0.000000000
v 335 0.005000000 0.002500000 0.000000000
v 336 -0.005000000 0.003000000 0.000000000
v 337 -0.004500000 0.003000000 0.000000000
v 338 -0.004000000 0.003000000 0.000000000
v 339 -0.003500000 0.003000000 0.000000000
v 340 -0.003000000 0.003000000 0.000000000
v 341 -0.002500000 0.003000000 0.000000000
v 342 -0.002000000 0.003000000 0.000000000
v 343 -0.001500000 0.003000000 0.000000000
v 344 -0.001000000 0.003000000 0.000000000
v 345 -0.000500000 0.003000000 0.000000000
v 346 0.000000000 0.003000000 0.000000000
v 347 0.000500000 0.003000000 0.000000000
v 348 0.001000000 0.003000000 0.000000000
v 349 0.001500000 0.003000000 0.000000000
v 350 0.002000000 0.003000000 0.000000000
v 351 0.002500000 0.003000000 0.000000000
v 352 0.003000000 0.003000000 0.000000000
v 353 0.003500000 0.003000000 0.000000000
v 354 0.004000000 0.003000000 0.000000000
v 355 0.004500000 0.003000000 0.000000000
v 356 0.005000000 0.003000000 0.000000000
v 357 -0.005000000 0.003500000 0.000000000
v 358 -0.004500000 0.003500000 0.000000000
v 359 -0.004000000 0.003500000 0.000000000
v 360 -0.003500000 0.003500000 0.000000000
v 361 -0.003000000 0.003500000 0.000000000
v 362 -0.002500000 0.003500000 0.000000000
v 363 -0.002000000 0.003500000 0.000000000
v 364 -0.001500000 0.003500000 0.000000000
v 365 -0.001000000 0.003500000 0.000000000
v 366 -0.000500000 0.003500000 0.000000000
v 367 0.000000000 0.003500000 0.000000000
v 368 0.000500000 0.003500000 0.000000000
v 369 0.001000000 0.003500000 0.000000000
v 370 0.001500000 0.003500000 0.000000000
v 371 0.002000000 0.003500000 0.000000000
v 372 0.002500000 0.003500000 0.000000000
v 373 0.003000000 0.003500000 0.000000000
v 374 0.003500000 0.003500000 0.000000000
v 375 0.004000000 0.003500000 0.000000000
v 376 0.004500000 0.003500000 0.000000000
v 377 0.005000000 0.003500000 0.000000000
v 378 -0.005000000 0.004000000 0.000000000
v 379 -0.004500000 0.004000000 0.000000000
v 380 -0.004000000 0.004000000 0.000000000
v 381 -0.003500000 0.004000000 0.000000000
v 382 -0.003000000 0.004000000 0.000000000
v 383 -0.002500000 0.004000000 0.000000000
v 384 -0.002000000 0.004000000 0.000000000
v 385 -0.001500000 0.004000000 0.000000000
v 386 -0.001000000 0.004000000 0.000000000
v 387 -0.000500000 0.004000000 0.000000000
v 388 0.000000000 0.004000000 0.000000000
v 389 0.000500000 0.004000000 0.000000000
v 390 0.001000000 0.004000000 0.000000000
v 391 0.001500000 0.004000000 0.000000000
v 392 0.002000000 0.004000000 0.000000000
v 393 0.002500000 0.004000000 0.000000000
v 394 0.003000000 0.004000000 0.000000000
v 395 0.003500000 0.004000000 0.000000000
v 396 0.004000000 0.004000000 0.000000000
v 397 0.004500000 0.004000000 0.000000000
v 398 0.005000000 0.004000000 0.000000000
v 399 -0.005000000 0.004500000 0.000000000
v 400 -0.004500000 0.004500000 0.000000000
v 401 -0.004000000 0.004500000 0.000000000
v 402 -0.003500000 0.004500000 0.000000000
v 403 -0.003000000 0.004500000 0.000000000
v 404 -0.002500000 0.004500000 0.000000000
v 405 -0.002000000 0.004500000 0.000000000
v 406 -0.001500000 0.004500000 0.000000000
v 407 -0.001000000 0.004500000 0.000000000
v 408 -0.000500000 0.004500000 0.000000000
v 409 0.000000000 0.004500000 0.000000000
v 410 0.000500000 0.004500000 0.000000000
v 411 0.001000000 0.004500000 0.000000000
v 412 0.001500000 0.004500000 0.000000000
v 413 0.002000000 0.004500000 0.000000000
v 414 0.002500000 0.004500000 0.000000000
v 415 0.003000000 0.004500000 0.000000000
v 416 0.003500000 0.004500000 0.000000000
v 417 0.004000000 0.004500000 0.000000000
v 418 0.004500000 0.004500000 0.000000000
v 419 0.005000000 0.004500000 0.000000000
v 420 -0.005000000 0.005000000 0.000000000
v 421 -0.004500000 0.005000000 0.000000000
v 422 -0.004000000 0.005000000 0.000000000
v 423 -0.003500000 0.005000000 0.000000000
v 424 -0.003000000 0.005000000 0.000000000
v 425 -0.002500000 0.005000000 0.000000000
v 426 -0.002000000 0.005000000 0.000000000
v 427 -0.001500000 0.005000000 0.000000000
v 428 -0.001000000 0.005000000 0.000000000
v 429 -0.000500000 0.005000000 0.000000000
v 430 0.000000000 0.005000000 0.000000000
v 431 0.000500000 0.005000000 0.000000000
v 432 0.001000000 0.005000000 0.000000000
v 433 0.001500000 0.005000000 0.000000000
v 434 0.002000000 0.005000000 0.000000000
v 435 0.002500000 0.005000000 0.000000000
v 436 0.003000000 0.005000000 0.000000000
v 437 0.003500000 0.005000000 0.000000000
v 438 0.004000000 0.005000000 0.000000000
v 439 0.004500000 0.005000000 0.000000000
v 440 0.005000000 0.005000000 0.000000000
# elements 800
e 0 3 0 1 22
e 1 3 0 22 21
e 2 3 1 2 23
e 3 3 1 23 22
e 4 3 2 3 24
e 5 3 2 24 23
e 6 3 3 4 25
e 7 3 3 25 24
e 8 3 4 5 26
e 9 3 4 26 25
e 10 3 5 6 27
e 11 3 5 27 26
e 12 3 6 7 28
e 13 3 6 28 27
e 14 3 7 8 29
e 15 3 7 29 28
e 16 3 8 9 30
e 17 3 8 30 29
e 18 3 9 10 31
e 19 3 9 31 30
e 20 3 10 11 32
e 21 3 10 32 31
e 22 3 11 12 33
e 23 3 11 33 32
e 24 3 12 13 34
e 25 3 12 34 33
e 26 3 13 14 35
e 27 3 13 35 34
e 28 3 14 15 36
e 29 3 14 36 35
e 30 3 15 16 37
e 31 3 15 37 36
e 32 3 16 17 38
e 33 3 16 38 37
e 34 3 17 18 39
e 35 3 17 39 38
e 36 3 18 19 40
e 37 3 18 40 39
e 38 3 19 20 41
e 39 3 19 41 40
e 40 3 21 22 43
e 41 3 21 43 42
e 42 3 22 23 44
e 43 3 22 44 43
e 44 3 23 24 45
e 45 3 23 45 44
e 46 3 24 25 46
e 47 3 24 46 45
e 48 3 25 26 47
e 49 3 25 47 46
e 50 3 26 27 48
e 51 3 26 48 47
e 52 3 27 28 49
e 53 3 27 49 48
e 54 3 28 29 50
e 55 3 28 50 49
e 56 3 29 30 51
e 57 3 29 51 50
e 58 3 30 31 52
e 59 3 30 52 51
e 60 3 31 32 53
e 61 3 31 53 52
e 62 3 32 33 54
e 63 3 32 54 53
e 64 3 33 34 55
e 65 3 33 55 54
e 66 3 34 35 56
e 67 3 34 56 55
e 68 3 35 36 57
e 69 3 35 57 56
e 70 3 36 37 58
e 71 3 36 58 57
e 72 3 37 38 59
e 73 3 37 59 58
e 74 3 38 39 60
e 75 3 38 60 59
e 76 3 39 40 61
e 77 3 39 61 60
e 78 3 40 41 62
e 79 3 40 62 61
e 80 3 42 43 64
e 81 3 42 64 63
e 82 3 43 44 65
e 83 3 43 65 64
e 84 3 44 45 66
e 85 3 44 66 65
e 86 3 45 46 67
e 87 3 45 67 66
e 88 3 46 47 68
e 89 3 46 68 67
e 90 3 47 48 69
e 91 3 47 69 68
e 92 3 48 49 70
e 93 3 48 70 69
e 94 3 49 50 71
e 95 3 49 71 70
e 96 3 50 51 72
e 97 3 50 72 71
e 98 3 51 52 73
e 99 3 51 73 72
e 100 3 52 53 74
e 101 3 52 74 73
e 102 3 53 54 75
e 103 3 53 75 74
e 104 3 54 55 76
e 105 3 54 76 75
e 106 3 55 56 77
e 107 3 55 77 76
e 108 3 56 57 78
e 109 3 56 78 77
e 110 3 57 58 79
e 111 3 57 79 78
e 112 3 58 59 80
e 113 3 58 80 79
e 114 3 59 60 81
e 115 3 59 81 80
e 116 3 60 61 82
e 117 3 60 82 81
e 118 3 61 62 83
e 119 3 61 83 82
e 120 3 63 64 85
e 121 3 63 85 84
e 122 3 64 65 86
e 123 3 64 86 85
e 124 3 65 66 87
e 125 3 65 87 86
e 126 3 66 67 88
e 127 3 66 88 87
e 128 3 67 68 89
e 129 3 67 89 88
e 130 3 68 69 90
e 131 3 68 90 89
e 132 3 69 70 91
e 133 3 69 91 90
e 134 3 70 71 92
e 135 3 70 92 91
e 136 3 71 72 93
e 137 3 71 93 92
e 138 3 72 73 94
e 139 3 72 94 93
e 140 3 73 74 95
e 141 3 73 95 94
e 142 3 74 75 96
e 143 3 74 96 95
e 144 3 75 76 97
e 145 3 75 97 96
e 146 3 76 77 98
e 147 3 76 98 97
e 148 3 77 78 99
e 149 3 77 99 98
e 150 3 78 79 100
e 151 3 78 100 99
e 152 3 79 80 101
e 153 3 79 101 100
e 154 3 80 81 102
e 155 3 80 102 101
e 156 3 81 82 103
e 157 3 81 103 102
e 158 3 82 83 104
e 159 3 82 104 103
e 160 3 84 85 106
e 161 3 84 106 105
e 162 3 85 86 107
e 163 3 85 107 106
e 164 3 86 87 108
e 165 3 86 108 107
e 166 3 87 88 109
e 167 3 87 109 108
e 168 3 88 89 110
e 169 3 88 110 109
e 170 3 89 90 111
e 171 3 89 111 110
e 172 3 90 91 112
e 173 3 90 112 111
e 174 3 91 92 113
e 175 3 91 113 112
e 176 3 92 93 114
e 177 3 92 114 113
e 178 3 93 94 115
e 179 3 93 115 114
e 180 3 94 95 116
e 181 3 94 116 115
e 182 3 95 96 117
e 183 3 95 117 116
e 184 3 96 97 118
e 185 3 96 118 117
e 186 3 97 98 119
e 187 3 97 119 118
e 188 3 98 99 120
e 189 3 98 120 119
e 190 3 99 100 121
e 191 3 99 121 120
e 192 3 100 101 122
e 193 3 100 122 121
e 194 3 101 102 123
e 195 3 101 123 122
e 196 3 102 103 124
e 197 3 102 124 123
e 198 3 103 104 125
e 199 3 103 125 124
e 200 3 105 106 127
e 201 3 105 127 126
e 202 3 106 107 128
e 203 3 106 128 127
e 204 3 107 108 129
e 205 3 107 129 128
e 206 3 108 109 130
e 207 3 108 130 129
e 208 3 109 110 131
e 209 3 109 131 130
e 210 3 110 111 132
e 211 3 110 132 131
e 212 3 111 112 133
e 213 3 111 133 132
e 214 3 112 113 134
e 215 3 112 134 133
e 216 3 113 114 135
e 217 3 113 135 134
e 218 3 114 115 136
e 219 3 114 136 135
e 220 3 115 116 137
e 221 3 115 137 136
e 222 3 116 117 138
e 223 3 116 138 137
e 224 3 117 118 139
e 225 3 117 139 138
e 226 3 118 119 140
e 227 3 118 140 139
e 228 3 119 120 141
e 229 3 119 141 140
e 230 3 120 121 142
e 231 3 120 142 141
e 232 3 121 122 143
e 233 3 121 143 142
e 234 3 122 123 144
e 235 3 122 144 143
e 236 3 123 124 145
e 237 3 123 145 144
e 238 3 124 125 146
e 239 3 124 146 145
e 240 3 126 127 148
e 241 3 126 148 147
e 242 3 127 128 149
e 243 3 127 149 148
e 244 3 128 129 150
e 245 3 128 150 149
e 246 3 129 130 151
e 247 3 129 151 150
e 248 3 130 131 152
e 249 3 130 152 151
e 250 3 131 132 153
e 251 3 131 153 152
e 252 3 132 133 154
e 253 3 132 154 153
e 254 3 133 134 155
e 255 3 133 155 154
e 256 3 134 135 156
e 257 3 134 156 155
e 258 3 135 136 157
e 259 3 135 157 156
e 260 3 136 137 158
e 261 3 136 158 157
e 262 3 137 138 159
e 263 3 137 159 158
e 264 3 138 139 160
e 265 3 138 160 159
e 266 3 139 140 161
e 267 3 139 161 160
e 268 3 140 141 162
e 269 3 140 162 161
e 270 3 141 142 163
e 271 3 141 163 162
e 272 3 142 143 164
e 273 3 142 164 163
e 274 3 143 144 165
e 275 3 143 165 164
e 276 3 144 145 166
e 277 3 144 166 165
e 278 3 145 146 167
e 279 3 145 167 166
e 280 3 147 148 169
e 281 3 147 169 168
e 282 3 148 149 170
e 283 3 148 170 169
e 284 3 149 150 171
e 285 3 149 171 170
e 286 3 150 151 172
e 287 3 150 172 171
e 288 3 151 152 173
e 289 3 151 173 172
e 290 3 152 153 174
e 291 3 152 174 173
e 292 3 153 154 175
e 293 3 153 175 174
e 294 3 154 155 176
e 295 3 154 176 175
e 296 3 155 156 177
e 297 3 155 177 176
e 298 3 156 157 178
e 299 3 156 178 177
e 300 3 157 158 179
e 301 3 157 179 178
e 302 3 158 159 180
e 303 3 158 180 179
e 304 3 159 160 181
e 305 3 159 181 180
e 306 3 160 161 182
e 307 3 160 182 181
e 308 3 161 162 183
e 309 3 161 183 182
e 310 3 162 163 184
e 311 3 162 184 183
e 312 3 163 164 185
e 313 3 163 185 184
e 314 3 164 165 186
e 315 3 164 186 185
e 316 3 165 166 187
e 317 3 165 187 186
e 318 3 166 167 188
e 319 3 166 188 187
e 320 3 168 169 190
e 321 3 168 190 189
e 322 3 169 170 191
e 323 3 169 191 190
e 324 3 170 171 192
e 325 3 170 192 191
e 326 3 171 172 193
e 327 3 171 193 192
e 328 3 172 173 194
e 329 3 172 194 193
e 330 3 173 174 195
e 331 3 173 195 194
e 332 3 174 175 196
e 333 3 174 196 195
e 334 3 175 176 197
e 335 3 175 197 196
e 336 3 176 177 198
e 337 3 176 198 197
e 338 3 177 178 199
e 339 3 177 199 198
e 340 3 178 179 200
e 341 3 178 200 199
e 342 3 179 180 201
e 343 3 179 201 200
e 344 3 180 181 202
e 345 3 180 202 201
e 346 3 181 182 203
e 347 3 181 203 202
e 348 3 182 183 204
e 349 3 182 204 203
e 350 3 183 184 205
e 351 3 183 205 204
e 352 3 184 185 206
e 353 3 184 206 205
e 354 3 185 186 207
e 355 3 185 207 206
e 356 3 186 187 208
e 357 3 186 208 207
e 358 3 187 188 209
e 359 3 187 209 208
e 360 3 189 190 211
e 361 3 189 211 210
e 362 3 190 191 212
e 363 3 190 212 211
e 364 3 191 192 213
e 365 3 191 213 212
e 366 3 192 193 214
e 367 3 192 214 213
e 368 3 193 194 215
e 369 3 193 215 214
e 370 3 194 195 216
e 371 3 194 216 215
e 372 3 195 196 217
e 373 3 195 217 216
e 374 3 196 197 218
e 375 3 196 218 217
e 376 3 197 198 219
e 377 3 197 219 218
e 378 3 198 199 220
e 379 3 198 220 219
e 380 3 199 200 221
e 381 3 199 221 220
e 382 3 200 201 222
e 383 3 200 222 221
e 384 3 201 202 223
e 385 3 201 223 222
e 386 3 202 203 224
e 387 3 202 224 223
e 388 3 203 204 225
e 389 3 203 225 224
e 390 3 204 205 226
e 391 3 204 226 225
e 392 3 205 206 227
e 393 3 205 227 226
e 394 3 206 207 228
e 395 3 206 228 227
e 396 3 207 208 229
e 397 3 207 229 228
e 398 3 208 209 230
e 399 3 208 230 229
e 400 3 210 211 232
e 401 3 210 232 231
e 402 3 211 212 233
e 403 3 211 233 232
e 404 3 212 213 234
e 405 3 212 234 233
e 406 3 213 214 235
e 407 3 213 235 234
e 408 3 214 215 236
e 409 3 214 236 235
e 410 3 215 216 237
e 411 3 215 237 236
e 412 3 216 217 238
e 413 3 216 238 237
e 414 3 217 218 239
e 415 3 217 239 238
e 416 3 218 219 240
e 417 3 218 240 239
e 418 3 219 220 241
e 419 3 219 241 240
e 420 3 220 221 242
e 421 3 220 242 241
e 422 3 221 222 243
e 423 3 221 243 242
e 424 3 222 223 244
e 425 3 222 244 243
e 426 3 223 224 245
e 427 3 223 245 244
e 428 3 224 225 246
e 429 3 224 246 245
e 430 3 225 226 247
e 431 3 225 247 246
e 432 3 226 227 248
e 433 3 226 248 247
e 434 3 227 228 249
e 435 3 227 249 248
e 436 3 228 229 250
e 437 3 228 250 249
e 438 3 229 230 251
e 439 3 229 251 250
e 440 3 231 232 253
e 441 3 231 253 252
e 442 3 232 233 254
e 443 3 232 254 253
e 444 3 233 234 255
e 445 3 233 255 254
e 446 3 234 235 256
e 447 3 234 256 255
e 448 3 235 236 257
e 449 3 235 257 256
e 450 3 236 237 258
e 451 3 236 258 257
e 452 3 237 238 259
e 453 3 237 259 258
e 454 3 238 239 260
e 455 3 238 260 259
e 456 3 239 240 261
e 457 3 239 261 260
e 458 3 240 241 262
e 459 3 240 262 261
e 460 3 241 242 263
e 461 3 241 263 262
e 462 3 242 243 264
e 463 3 242 264 263
e 464 3 243 244 265
e 465 3 243 265 264
e 466 3 244 245 266
e 467 3 244 266 265
e 468 3 245 246 267
e 469 3 245 267 266
e 470 3 246 247 268
e 471 3 246 268 267
e 472 3 247 248 269
e 473 3 247 269 268
e 474 3 248 249 270
e 475 3 248 270 269
e 476 3 249 250 271
e 477 3 249 271 270
e 478 3 250 251 272
e 479 3 250 272 271
e 480 3 252 253 274
e 481 3 252 274 273
e 482 3 253 254 275
e 483 3 253 275 274
e 484 3 254 255 276
e 485 3 254 276 275
e 486 3 255 256 277
e 487 3 255 277 276
e 488 3 256 257 278
e 489 3 256 278 277
e 490 3 257 258 279
e 491 3 257 279 278
e 492 3 258 259 280
e 493 3 258 280 279
e 494 3 259 260 281
e 495 3 259 281 280
e 496 3 260 261 282
e 497 3 260 282 281
e 498 3 261 262 283
e 499 3 261 283 282
e 500 3 262 263 284
e 501 3 262 284 283
e 502 3 263 264 285
e 503 3 263 285 284
e 504 3 264 265 286
e 505 3 264 286 285
e 506 3 265 266 287
e 507 3 265 287 286
e 508 3 266 267 288
e 509 3 266 288 287
e 510 3 267 268 289
e 511 3 267 289 288
e 512 3 268 269 290
e 513 3 268 290 289
e 514 3 269 270 291
e 515 3 269 291 290
e 516 3 270 271 292
e 517 3 270 292 291
e 518 3 271 272 293
e 519 3 271 293 292
e 520 3 273 274 295
e 521 3 273 295 294
e 522 3 274 275 296
e 523 3 274 296 295
e 524 3 275 276 297
e 525 3 275 297 296
e 526 3 276 277 298
e 527 3 276 298 297
e 528 3 277 278 299
e 529 3 277 299 298
e 530 3 278 279 300
e 531 3 278 300 299
e 532 3 279 280 301
e 533 3 279 301 300
e 534 3 280 281 302
e 535 3 280 302 301
e 536 3 281 282 303
e 537 3 281 303 302
e 538 3 282 283 304
e 539 3 282 304 303
e 540 3 283 284 305
e 541 3 283 305 304
e 542 3 284 285 306
e 543 3 284 306 305
e 544 3 285 286 307
e 545 3 285 307 306
e 546 3 286 287 308
e 547 3 286 308 307
e 548 3 287 288 309
e 549 3 287 309 308
e 550 3 288 289 310
e 551 3 288 310 309
e 552 3 289 290 311
e 553 3 289 311 310
e 554 3 290 291 312
e 555 3 290 312 311
e 556 3 291 292 313
e 557 3 291 313 312
e 558 3 292 293 314
e 559 3 292 314 313
e 560 3 294 295 316
e 561 3 294 316 315
e 562 3 295 296 317
e 563 3 295 317 316
e 564 3 296 297 318
e 565 3 296 318 317
e 566 3 297 298 319
e 567 3 297 319 318
e 568 3 298 299 320
e 569 3 298 320 319
e 570 3 299 300 321
e 571 3 299 321 320
e 572 3 300 301 322
e 573 3 300 322 321
e 574 3 301 302 323
e 575 3 301 323 322
e 576 3 302 303 324
e 577 3 302 324 323
e 578 3 303 304 325
e 579 3 303 325 324
e 580 3 304 305 326
e 581 3 304 326 325
e 582 3 305 306 327
e 583 3 305 327 326
e 584 3 306 307 328
e 585 3 306 328 327
e 586 3 307 308 329
e 587 3 307 329 328
e 588 3 308 309 330
e 589 3 308 330 329
e 590 3 309 310 331
e 591 3 309 331 330
e 592 3 310 311 332
e 593 3 310 332 331
e 594 3 311 312 333
e 595 3 311 333 332
e 596 3 312 313 334
e 597 3 312 334 333
e 598 3 313 314 335
e 599 3 313 335 334
e 600 3 315 316 337
e 601 3 315 337 336
e 602 3 316 317 338
e 603 3 316 338 337
e 604 3 317 318 339
e 605 3 317 339 338
e 606 3 318 319 340
e 607 3 318 340 339
e 608 3 319 320 341
e 609 3 319 341 340
e 610 3 320 321 342
e 611 3 320 342 341
e 612 3 321 322 343
e 613 3 321 343 342
e 614 3 322 323 344
e 615 3 322 344 343
e 616 3 323 324 345
e 617 3 323 345 344
e 618 3 324 325 346
e 619 3 324 346 345
e 620 3 325 326 347
e 621 3 325 347 346
e 622 3 326 327 348
e 623 3 326 348 347
e 624 3 327 328 349
e 625 3 327 349 348
e 626 3 328 329 350
e 627 3 328 350 349
e 628 3 329 330 351
e 629 3 329 351 350
e 630 3 330 331 352
e 631 3 330 352 351
e 632 3 331 332 353
e 633 3 331 353 352
e 634 3 332 333 354
e 635 3 332 354 353
e 636 3 333 334 355
e 637 3 333 355 354
e 638 3 334 335 356
e 639 3 334 356 355
e 640 3 336 337 358
e 641 3 336 358 357
e 642 3 337 338 359
e 643 3 337 359 358
e 644 3 338 339 360
e 645 3 338 360 359
e 646 3 339 340 361
e 647 3 339 361 360
e 648 3 340 341 362
e 649 3 340 362 361
e 650 3 341 342 363
e 651 3 341 363 362
e 652 3 342 343 364
e 653 3 342 364 363
e 654 3 343 344 365
e 655 3 343 365 364
e 656 3 344 345 366
e 657 3 344 366 365
e 658 3 345 346 367
e 659 3 345 367 366
e 660 3 346 347 368
e 661 3 346 368 367
e 662 3 347 348 369
e 663 3 347 369 368
e 664 3 348 349 370
e 665 3 348 370 369
e 666 3 349 350 371
e 667 3 349 371 370
e 668 3 350 351 372
e 669 3 350 372 371
e 670 3 351 352 373
e 671 3 351 373 372
e 672 3 352 353 374
e 673 3 352 374 373
e 674 3 353 354 375
e 675 3 353 375 374
e 676 3 354 355 376
e 677 3 354 376 375
e 678 3 355 356 377
e 679 3 355 377 376
e 680 3 357 358 379
e 681 3 357 379 378
e 682 3 358 359 380
e 683 3 358 380 379
e 684 3 359 360 381
e 685 3 359 381 380
e 686 3 360 361 382
e 687 3 360 382 381
e 688 3 361 362 383
e 689 3 361 383 382
e 690 3 362 363 384
e 691 3 362 384 383
e 692 3 363 364 385
e 693 3 363 385 384
e 694 3 364 365 386
e 695 3 364 386 385
e 696 3 365 366 387
e 697 3 365 387 386
e 698 3 366 367 388
e 699 3 366 388 387
e 700 3 367 368 389
e 701 3 367 389 388
e 702 3 368 369 390
e 703 3 368 390 389
e 704 3 369 370 391
e 705 3 369 391 390
e 706 3 370 371 392
e 707 3 370 392 391
e 708 3 371 372 393
e 709 3 371 393 392
e 710 3 372 373 394
e 711 3 372 394 393
e 712 3 373 374 395
e 713 3 373 395 394
e 714 3 374 375 396
e 715 3 374 396 395
e 716 3 375 376 397
e 717 3 375 397 396
e 718 3 376 377 398
e 719 3 376 398 397
e 720 3 378 379 400
e 721 3 378 400 399
e 722 3 379 380 401
e 723 3 379 401 400
e 724 3 380 381 402
e 725 3 380 402 401
e 726 3 381 382 403
e 727 3 381 403 402
e 728 3 382 383 404
e 729 3 382 404 403
e 730 3 383 384 405
e 731 3 383 405 404
e 732 3 384 385 406
e 733 3 384 406 405
e 734 3 385 386 407
e 735 3 385 407 406
e 736 3 386 387 408
e 737 3 386 408 407
e 738 3 387 388 409
e 739 3 387 409 408
e 740 3 388 389 410
e 741 3 388 410 409
e 742 3 389 390 411
e 743 3 389 411 410
e 744 3 390 391 412
e 745 3 390 412 411
e 746 3 391 392 413
e 747 3 391 413 412
e 748 3 392 393 414
e 749 3 392 414 413
e 750 3 393 394 415
e 751 3 393 415 414
e 752 3 394 395 416
e 753 3 394 416 415
e 754 3 395 396 417
e 755 3 395 417 416
e 756 3 396 397 418
e 757 3 396 418 417
e 758 3 397 398 419
e 759 3 397 419 418
e 760 3 399 400 421
e 761 3 399 421 420
e 762 3 400 401 422
e 763 3 400 422 421
e 764 3 401 402 423
e 765 3 401 423 422
e 766 3 402 403 424
e 767 3 402 424 423
e 768 3 403 404 425
e 769 3 403 425 424
e 770 3 404 405 426
e 771 3 404 426 425
e 772 3 405 406 427
e 773 3 405 427 426
e 774 3 406 407 428
e 775 3 406 428 427
e 776 3 407 408 429
e 777 3 407 429 428
e 778 3 408 409 430
e 779 3 408 430 429
e 780 3 409 410 431
e 781 3 409 431 430
e 782 3 410 411 432
e 783 3 410 432 431
e 784 3 411 412 433
e 785 3 411 433 432
e 786 3 412 413 434
e 787 3 412 434 433
e 788 3 413 414 435
e 789 3 413 435 434
e 790 3 414 415 436
e 791 3 414 436 435
e 792 3 415 416 437
e 793 3 415 437 436
e 794 3 416 417 438
e 795 3 416 438 437
e 796 3 417 418 439
e 797 3 417 439 438
e 798 3 418 419 440
e 799 3 418 440 439
